4111111111111111
4012888888881881
4222222222222
4000056655665556
4111111111111129
4485275742308327
4916100891510939
4532611331221491
4556737586899855
4716347184862961
4485275742308327
4916496446248481
4929474153246078
4539186841592031
4556219384712985
4024007198784759
4009348888244514
4539578763621486
4563591375445055
4111111111111112

5105105105105100
5555555555554444
5200828282828210
5105105105105106
5431111111111111
5500000000000004
5300725474311224
5259474114288894
5410000000000000
5555444433331111
5213248358495413
5236313877654532
5108754873561783
5244742691887486
5299168363328653
5234185747382132
5210821663924044
5359893278699343
5363173614244155
5331889129853121

378282246310005
371449635398431
378734493671000
341111111111111
343434343434343
378734493671000
379354508162306
370000000000002
341111597879455
345678901234564
347254587113962
375987654321001
371144443333221
340000000000009
379916103497187
349858993238132
378282234567890
374288123456789
341219870987654

6011111111111117
6011000990139424
6011000000000004
6011888888888888
6011601160116611
6011000400000000
6011111100000006
6011001234567890
6011790823214981
6011514433546201
6011000995504106
6011011198659234
6011356041234567
6011681681681688
6011000070000000
6011031083013609
6011019876543210
6011391984739238

3530111333300000
3566002020360505
3528000700000000
3541111111111111
3566000000000009
3528000000000007
3539999999999991
3566111122223330
3555555555555555
3530113333300001
3566878957890021
3528967890123456
3549321546743210

30000000000004
30111111111111
30569309025904
30303030303030
30222222222222
30598765432100
30444567890123
30000123456789
30111198765432
30589384729834

1234567890123456
9999999999999999
4111111111111123
6011000990139425
4000000000000002
5105105105105101
378282246310007
371449635398432
6011111111111120
3530111333300002
3555555555555556
30303030303031
30222222222223
9999999999999990
1234567812345670
0000000000000000